35
4
10 洪旅玻 1 男 3 25 43 64 96
11 汪桓矶 1 男 2 98 68 67 62  
12 钮达浚 1 男 2 72 69 70 68  
13 邱嶙解 1 男 1 66 96 76 63 
14 叶建林 1 男 2 71 97 76 92 
15 巴隆九 1 男 3 60 89 94 70 
16 俞法复 1 男 2 68 97 87 64 
17 唐寒丛 1 男 3 90 61 70 94 
18 班慷刚 1 男 1 53 81 89 64 
19 鄂宽佼 1 男 3 63 94 97 60 
20 施俭倍 1 男 2 68 77 95 97 
21 水奔横 1 男 1 95 89 48 76 
22 水昌瀑 0 女 2 99 18 21 74  
23 潘弼宽 0 女 3 60 80 79 87 
24 邢端地 0 女 3 91 31 40 71 
25 周桓环 0 女 2 19 30 21 47 
26 柳钽钩 0 女 3 86 99 82 66 
27 宓强进 0 女 2 79 87 81 96 
28 毕镔百 0 女 1 94 60 92 97 
29 麻俚历 0 女 1 65 77 64 78 
30 黎辽利 0 女 3 76 74 93 71 
31 嵇灿处 0 女 2 91 96 85 82 
32 诸秉栊 0 女 3 71 80 60 94 
33 荣国宏 0 女 2 69 80 84 88 
34 钱复阜 0 女 1 66 82 76 66 
35 雷留狄 0 女 2 84 80 92 90 
36 吴祷举 0 女 1 99 98 93 95 
37 解琥俚 0 女 3 77 95 88 88
38 裴桓价 0 女 1 63 65 79 68 
39 苏胞按 0 女 3 64 84 69 88  
40 阮笃璀 0 女 2 79 93 90 61 
41 司径晋 0 女 1 82 85 95 68   
42 乔恳火 0 女 3 80 75 91 66  
43 褚磊并 0 女 2 87 69 93 83 
44 董得管 0 女 3 88 74 92 99  

